compaction_on single_probing 5101

1111111111111111111111111111111111111111111111111111111111111111011111110011111111111011100111111111
1111111111011101110000111111111011111111111111111111111111011111111111111111111111111111111111111111
1111111111111111111111111111111111111111111111111111111111111111111111111111111111111111111111111111
0111111111111111111111111111111111110110011101100001111010111111111111111111111111111111111111111111
1111111111111111111111111111111111111111111111111111111111111111111111111111111111111111111111111111
1111111111111111111111111111111111011111111111111111111111111111111111111111111111111111111111111111
1111111111111111111111111111111111111111111111111111111111111111111011101111111111111111111111111111
1111111111111111111111111111111111111111111111111111111111111111111111111111111111111111111111111111
1111111111111111111111111111111111111111111111111111111111111111111111111111011101111101111111111111
0001110111111111111010111111111111111111111111111111111111111111111111111101110111111111101101111111
0111110011110111111111111111111110011001111111111111111111111111111111111111111111111111111111111111
1111111111111111111111111100001000010100111111111111111111111111111111111111011111111111111111111111
1111111111111111101111111011111111111111111111111111111111111111111111111111111111111111111111111111
1111111111111111111111111111111111111111110111111111111111111111111111111111111110111111111111110111
1111111111111111111111101110111011110011111111111111111101011111111111111111111111111111111111111111
1111111111111111111111111111111111111111111111111111111111111111111111110111111111111111111111111111
1111111111111011111111111111111111111111111111111111111111111111111111111111111101111111011001111111
1011100101111111110011111110111111001111111101000111001111110001111111111111111111111111111111111111
1111111011111111110111111111111111011111111111111111111111111111111111111111111111001111110101111111
1111111101111111111111111111111111111111111111111111111111111111111111111111111111111111111111111111
1111111111111111111111111111111111111111111111111111111111111111111111111100101111111011111111111111
1111111111111111111111111111111111111111111111111111111111111111111111111111111111111000011111011111
1111111111111111111111111111111111111111111111111111111111111111111111111111111111101001111111111111
1111111111111111111111001101111111111111111111111111111111111111111111111111111111111111111111111111
1111111111111111111111111111110111111101111111111111111111111111111111111111111111111111111111111111
1111111111111111111111001111110111111111111111111111111111111111111111111111111111111111111111111111
1111111111111111111111111111111111111111111111111111111111111111111111111111111111111111111111111111
1111111111111111111111111001101111111111111111111111111111111111111111111111111111111111001011111111
1111111001111100000110111111111111111111111111111111111111111101111011110010011111111111111111111111
1111011101111111111111111111111111111111111111111111111111111111111111111111111111111111111111101111
1111111111111111001111111111111111111111111010100100111111111111111111111111111111111111111111111110
0010110011111111011111001001111111111111101100011111111111111111111111111111111111111111111111111111
1111111111111111111111111111111111111111111111111011111111111111111111111111111111011111111110111111
1111111111111111111111111111111111111111111111111111111111111111111111111111111111111111111111111111
1111111111111111111111111111111111111111111111101111111111111111111111001111001011111111000111111111
1111111111111111111111111111111111111111111111111111111111111111111111111111111111111111111111111111
1111111111111111111111111111111111111111111111111111111111111111111111111111111111111111111111111111
1111111111111111111111111111111111111111111111111111111111111111111100010111111111111111111111111111
1111111111111111111111111111111111111111111111111111111111111111111111111111111111111111111111100110
1111111111110111111111111111111111111111111111111111111111111111111111111111111111111111111111011111
1111111110101101111111111111111111111111111111111111111111111011011111111110111111111111111111111111
1111111111111111111111111111111111111111111111111111111111111111111111111111111111111111101111111111
1111111111111111101111111111111111111111111111111111111111111111111111111111111111111111111111111111
0111111111111111111111111111111111111100111111111111111111111111111111100011111111101111111111111111
1111111111111111110000010111111111111011111111111111111111111111111111111111111111111111111111111111
1111111111111111111111111111111101011111110111011100111101111111111111111111111111111111111111110111
1011111111111111111111111111111110000001100011101111111111111111111111111111111111111111111111111101
1111111111111111111111111111111111111111111111111111111111111111111111111111111011111111111111111111
0000111111111111111111111111111110111111110101101111111111111111111111111110111011111111111111111111
1111111111111111111111111111111111111111111111111111111111111111111111111111111111111111111111111111
1111111111111111111111111111111011011101101111110111111111111111111111111111111111111110011101011110
1

1111111111111111101111111111111111111111001001110111111101011111001111110011111111100011100111111011
1111110101011101110000111111110011111111111111111111110110011111111111111111111111111111111111111111
1111111111111111111111111111111111111111111111111111111111000100011100001101011110111111111010111101
0111111111111111111110011111111110100100010000000001111010111111111101111101111111111111111111110111
1111111111011111111111111111111101110111111111100010111111111110001000111111111111111111111010111111
1111111111111111111100011111111100011111111111111111111111111111111011111111110011111111110011101111
1111111111111101111111111111111110010111111111111110111111000101100011101111111111011101110111000111
1111111111010100111111111111100111111111111111101111110001110111111111111111111111111111111111111111
0011111111111101011111110011111011111111111111111111111111110000011111111001011101010001011100011111
0001110101111111101010111111111111111111111011111111111110101000011111111001110111111111001001111110
0111100011110111111110001000011000010001111111111111111111111111111111111111111111111111110111111111
0111111111111110011011101000001000010100111111111100000110010011101111100100011111101011110111111100
1111111111111111001110111011111111111111111111111111111111111111111111111111111111101111111111111111
1111111111111111100110110111111100111010000110111111111111111111111111111111111010110110011111000111
1111100111111110011111101110100011100011001111100111000000011111111111111111110011101000111000100111
1010111111011111111111111111111101111111111111111011111111111111111110000011101111111111111111111110
0111000110001011111111111111111111111111111110111101111010111111100001111010000001111011010001101110
0011100001111111110011100110101101001111011001000110001100110001111101111101101111111011101111011111
0111000011111111110111111111101000011111111101111111111111111111111111000001111110001111000101101111
1111100001101111111111110011111111111111111111111110011110111111111111111111111111111111111111111111
1111110001111111111110001110111100001111101111011111101111011101111111000000100111111011111111111111
1111111111111111111111111111111111111111111111111111111111111111111111111111111110111000010110011111
1111111111111111111111111111111111111111111110010011010001011111111111111111101001100001111111111111
1111111100100010011010001000111111111111111111111111111111111111111111111111111111111111111111111111
1111100100111111100111011110110111110100111111111000111111011010001111111110101011101110111111111101
1011111111111111001001001111110111111111111111111111111111111111111100000111111110011111111111111011
1111111111111111111110111111111110101101111100111111101111111111111111111111111111111001111100111111
1111111111101000101111110000001010101111111111111111111111111111111111111101110110100100001010111111
0100110001111100000110011111001010110100110111011111110011100001011001110000011111111111111111010111
1001011101111011111111111111111111111111111111111111111111111111111111111111111001111111111100001111
1111111101110110001101111111101111111110001010100100111111111111001101100000110111111111100110010010
0010010011011111011010001000111111111001101100011111111111001111111111111111111111110011111110111111
1111111111111111101110001111111111111111111111100011101011111110101111111110111000010011000110111110
0111101111101011111101001011101011111110011000111111111111110111111101001110111111111011011011111111
1111010011101001100101011111111111111111110001001111111111101100111001001111001011011011000111011110
1111111111111111111111111111111111111111111111111111111111111111111111111111111111111111111111111111
1111111111111111111111111111111111111111110101001011011111111111111111111111111111111111111111111111
1111111111111111111111111111111111111111111111111111110010111100111000000111111111111111111111111111
1111111111111111111111101110110111011111111111111111111111111111111111111101110011111111110001100010
1011111111110111111111111111001111111111111111111111111111100111101111111111111111111101111111011111
1110101110000101111111111111111111111111110111111011110011100011011111111110111111101101011111111100
0011111110110111111111111111111110011111110011100111111111111111111111011111111100101011101111111111
1111011010011010101111111111111111111111111111111111111111111111101111111111111111111110111111110001
0110110111111111111111111111011110110100111111110111011000001111111110000001111110101111111111111111
1111111100100101010000000101100111110011111111111111111111111111111111101111111111111111111111111111
1111111001111110001101100011101101011110100011000100101101111111111111111100011111010011001001100111
0011111111111111111111100111110000000001000011001111111010111111111111111100111001111111111011000101
1111011111111111111111111111111111111111110011110111111111111111111111101110011001111110001111111100
0000110101101011011111111100111100111111110100001111111111111101111101111110110011111111111111111111
1111111110001111111111111111111111110101011111101011110111111111101111110000111111111100111111111011
1111111111111011001011100101111011011101001001110111111111111111111111111111110110100100011101010100
1