compaction_on double_probing 1279

1111111111111111111111101111111111111111111111111111111111111111111111111111010111101111111111111111
1111111111111111111111111111111111111111111110111001101111111111111111111111111111111110111111111101
1011111111111111111111111111111111111111011111111111111111111111111111111111111111011111111111111111
1101110111111110111111111111111111111110111111111111111111111111111111111110111111111111111111111111
1111111101111111111111111111111111100111111111101111101111111111111111110111111111111111111111111111
1111101111111111111111011011111111111111111111111111111111110111111111111111111111110111111111111111
1111111111111111111111111111011111111111111111111111111111111111111111111011111111110111111111101111
1111111111111011111111010111111111111111111111111111111111111111111111111111111111111111111110111111
1111111111011111111111111111111111111111111111101111111111111111111111111111111111111111111111111111
0111111111111111101101111111111111111111111111111111111111111111111111111011101111111111111110111111
1111101111111111110111111111110111111011111111111111111111111110011111111111111101111111111011111111
1111111111111100111111111111111101011111111111111111111111111111111111111110111111011111111111111101
1111111111111111110110111111111111111101111111111111111111111111111111111111111

1111011111101111101011101011111011101011011111101111011011101111011111110101110111111101110101011011
0001111011111110010111111010110110111111111110111101101101110101111011101111011111110100100010110111
0011110111111101001110101111111111111111011011111011111111101011111110111111111111110011110111111101
0011110111110101110111111011010011111100110110110111111111101010111110011111101101111111111110111111
1101111101111111110111110001111111000011110111100011101111111110011111010111011101111101111111101011
1111101111111111110101100110110111011100011011111101111010111100110111111110111011100110111111111011
1111111111111111111110101101011111111111001101111101111110111101110111111011111111101111111111101111
0101111101111011111111110111011111110111111101111110001011111111101111101011111111111101101110111111
1110111110110001111111101110111111111111111111001100111111111111111101111010111000111111111111011110
0111111011111111111101111010111101101110111111101101111111111111111101111010111111010111111010111111
1111110110111111110111111111010011111011111111011111110101101110111110101011011101101111111011111111
1101111011111100011110100111111100111111111111111111011111111111111111110100111111011111111111111001
1111011111111110110101111111111111111101111111110101110111111111111000111111111